,xy,focused,zmult
0,"(22735.0, 5314.0)",18.0,0.05
1,"(22735.0, 5314.0)",17.0,0.05
2,"(26736.0, 4145.0)",-43.0,0.05
3,"(27353.0, 4145.0)",-21.0,0.05
4,"(25537.0, 6035.0)",-12.0,0.05
5,"(25537.0, 6035.0)",18.0,0.05
6,"(26736.0, 4145.0)",15.0,0.05
7,"(25537.0, 4145.0)",-25.0,0.05
8,"(22735.0, 5314.0)",-23.0,0.05
9,"(25537.0, 4145.0)",-26.0,0.05
10,"(27353.0, 4145.0)",8.0,0.05
11,"(24210.0, 5955.0)",-20.0,0.05
12,"(26736.0, 4145.0)",15.0,0.05
13,"(25537.0, 6035.0)",16.0,0.05
14,"(25537.0, 5728.0)",-21.0,0.05
15,"(25537.0, 5728.0)",-20.0,0.05
16,"(25537.0, 5728.0)",12.0,0.05
17,"(25537.0, 5728.0)",14.0,0.05
18,"(25537.0, 6035.0)",-10.0,0.05
19,"(25537.0, 6035.0)",16.0,0.05
20,"(25537.0, 5728.0)",12.0,0.05
21,"(27353.0, 4145.0)",-20.0,0.05
22,"(25537.0, 5728.0)",-22.0,0.05
23,"(27353.0, 4145.0)",-21.0,0.05
24,"(25537.0, 6035.0)",16.0,0.05
25,"(26736.0, 4145.0)",13.0,0.05
26,"(26736.0, 4145.0)",13.0,0.05
27,"(22735.0, 5314.0)",-22.0,0.05
28,"(26736.0, 4145.0)",-2.0,0.05
29,"(25537.0, 4145.0)",26.0,0.05
30,"(26736.0, 4145.0)",-31.0,0.05
31,"(25537.0, 5728.0)",13.0,0.05
32,"(25537.0, 4145.0)",-26.0,0.05
33,"(27353.0, 4145.0)",8.0,0.05
34,"(25537.0, 6035.0)",18.0,0.05
35,"(22735.0, 5314.0)",17.0,0.05
36,"(26736.0, 4145.0)",15.0,0.05
37,"(24210.0, 5955.0)",13.0,0.05
38,"(25537.0, 4145.0)",20.0,0.05
39,"(27353.0, 4145.0)",-20.0,0.05
40,"(25537.0, 5728.0)",14.0,0.05
41,"(27353.0, 4145.0)",7.0,0.05
42,"(25537.0, 5728.0)",-21.0,0.05
43,"(25537.0, 6035.0)",-6.0,0.05
44,"(25537.0, 6035.0)",-8.0,0.05
45,"(25537.0, 6035.0)",-12.0,0.05
46,"(27353.0, 4145.0)",-21.0,0.05
47,"(25537.0, 4145.0)",-22.0,0.05
48,"(25537.0, 4145.0)",-26.0,0.05
49,"(24210.0, 5955.0)",-44.0,0.05
50,"(24210.0, 5955.0)",-20.0,0.05
51,"(25537.0, 6035.0)",-38.0,0.05
52,"(25537.0, 4145.0)",-27.0,0.05
53,"(27353.0, 4145.0)",-20.0,0.05
54,"(24210.0, 5955.0)",15.0,0.05
55,"(25537.0, 5728.0)",14.0,0.05
56,"(25537.0, 5728.0)",14.0,0.05
57,"(22735.0, 5314.0)",-21.0,0.05
58,"(22735.0, 5314.0)",-20.0,0.05
59,"(25537.0, 5728.0)",-20.0,0.05
60,"(25537.0, 6035.0)",-50.0,0.05
61,"(27353.0, 4145.0)",9.0,0.05
62,"(25537.0, 5728.0)",12.0,0.05
63,"(22735.0, 5314.0)",-37.0,0.05
64,"(25537.0, 5728.0)",14.0,0.05
65,"(22735.0, 5314.0)",17.0,0.05
66,"(26736.0, 4145.0)",15.0,0.05
67,"(27353.0, 4145.0)",-20.0,0.05
68,"(25537.0, 6035.0)",-8.0,0.05
69,"(25537.0, 5728.0)",13.0,0.05
70,"(26736.0, 4145.0)",-48.0,0.05
71,"(27353.0, 4145.0)",-20.0,0.05
72,"(25537.0, 5728.0)",-20.0,0.05
73,"(25537.0, 5728.0)",-20.0,0.05
74,"(26736.0, 4145.0)",13.0,0.05
75,"(25537.0, 5728.0)",13.0,0.05
76,"(24210.0, 5955.0)",32.0,0.05
77,"(25537.0, 4145.0)",29.0,0.05
78,"(25537.0, 5728.0)",14.0,0.05
79,"(25537.0, 6035.0)",17.0,0.05
80,"(25537.0, 6035.0)",-11.0,0.05
81,"(22735.0, 5314.0)",-48.0,0.05
82,"(22735.0, 5314.0)",-24.0,0.05
83,"(25537.0, 6035.0)",-11.0,0.05
84,"(27353.0, 4145.0)",7.0,0.05
85,"(25537.0, 5728.0)",12.0,0.05
86,"(27353.0, 4145.0)",9.0,0.05
87,"(24210.0, 5955.0)",13.0,0.05
88,"(25537.0, 5728.0)",13.0,0.05
89,"(25537.0, 6035.0)",-25.0,0.05
90,"(25537.0, 6035.0)",-19.0,0.05
91,"(27353.0, 4145.0)",7.0,0.05
92,"(22735.0, 5314.0)",5.0,0.05
93,"(25537.0, 4145.0)",-27.0,0.05
94,"(26736.0, 4145.0)",14.0,0.05
95,"(25537.0, 6035.0)",-32.0,0.05
96,"(25537.0, 4145.0)",-25.0,0.05
97,"(22735.0, 5314.0)",-36.0,0.05
98,"(24210.0, 5955.0)",14.0,0.05
99,"(22735.0, 5314.0)",19.0,0.05
100,"(25537.0, 6035.0)",-39.0,0.1
101,"(26736.0, 4145.0)",-24.0,0.1
102,"(25537.0, 5728.0)",-20.0,0.1
103,"(22735.0, 5314.0)",4.0,0.1
104,"(27353.0, 4145.0)",8.0,0.1
105,"(25537.0, 6035.0)",16.0,0.1
106,"(25537.0, 6035.0)",-39.0,0.1
107,"(25537.0, 5728.0)",-21.0,0.1
108,"(24210.0, 5955.0)",32.0,0.1
109,"(24210.0, 5955.0)",34.0,0.1
110,"(27353.0, 4145.0)",-21.0,0.1
111,"(25537.0, 4145.0)",-15.0,0.1
112,"(22735.0, 5314.0)",5.0,0.1
113,"(25537.0, 5728.0)",12.0,0.1
114,"(25537.0, 5728.0)",14.0,0.1
115,"(22735.0, 5314.0)",-22.0,0.1
116,"(22735.0, 5314.0)",5.0,0.1
117,"(25537.0, 6035.0)",16.0,0.1
118,"(25537.0, 5728.0)",-21.0,0.1
119,"(25537.0, 5728.0)",-21.0,0.1
120,"(27353.0, 4145.0)",9.0,0.1
121,"(24210.0, 5955.0)",-43.0,0.1
122,"(25537.0, 6035.0)",18.0,0.1
123,"(24210.0, 5955.0)",34.0,0.1
124,"(27353.0, 4145.0)",8.0,0.1
125,"(25537.0, 5728.0)",13.0,0.1
126,"(24210.0, 5955.0)",13.0,0.1
127,"(25537.0, 6035.0)",-12.0,0.1
128,"(26736.0, 4145.0)",13.0,0.1
129,"(27353.0, 4145.0)",8.0,0.1
130,"(27353.0, 4145.0)",8.0,0.1
131,"(24210.0, 5955.0)",13.0,0.1
132,"(25537.0, 4145.0)",20.0,0.1
133,"(22735.0, 5314.0)",18.0,0.1
134,"(25537.0, 6035.0)",-46.0,0.1
135,"(25537.0, 6035.0)",-12.0,0.1
136,"(22735.0, 5314.0)",19.0,0.1
137,"(26736.0, 4145.0)",14.0,0.1
138,"(22735.0, 5314.0)",-39.0,0.1
139,"(27353.0, 4145.0)",8.0,0.1
140,"(22735.0, 5314.0)",18.0,0.1
141,"(27353.0, 4145.0)",-21.0,0.1
142,"(27353.0, 4145.0)",-20.0,0.1
143,"(27353.0, 4145.0)",8.0,0.1
144,"(26736.0, 4145.0)",14.0,0.1
145,"(25537.0, 4145.0)",-25.0,0.1
146,"(26736.0, 4145.0)",-12.0,0.1
147,"(25537.0, 5728.0)",13.0,0.1
148,"(25537.0, 5728.0)",14.0,0.1
149,"(22735.0, 5314.0)",-44.0,0.1
150,"(26736.0, 4145.0)",-27.0,0.1
151,"(22735.0, 5314.0)",19.0,0.1
152,"(26736.0, 4145.0)",-49.0,0.1
153,"(26736.0, 4145.0)",15.0,0.1
154,"(24210.0, 5955.0)",-33.0,0.1
155,"(27353.0, 4145.0)",-20.0,0.1
156,"(27353.0, 4145.0)",9.0,0.1
157,"(27353.0, 4145.0)",7.0,0.1
158,"(25537.0, 4145.0)",-15.0,0.1
159,"(22735.0, 5314.0)",-49.0,0.1
160,"(25537.0, 5728.0)",-21.0,0.1
161,"(24210.0, 5955.0)",-20.0,0.1
162,"(27353.0, 4145.0)",7.0,0.1
163,"(25537.0, 4145.0)",26.0,0.1
164,"(25537.0, 4145.0)",-47.0,0.1
165,"(25537.0, 4145.0)",-2.0,0.1
166,"(22735.0, 5314.0)",4.0,0.1
167,"(25537.0, 5728.0)",13.0,0.1
168,"(24210.0, 5955.0)",13.0,0.1
169,"(24210.0, 5955.0)",14.0,0.1
170,"(25537.0, 5728.0)",13.0,0.1
171,"(27353.0, 4145.0)",-20.0,0.1
172,"(25537.0, 4145.0)",-27.0,0.1
173,"(25537.0, 5728.0)",-22.0,0.1
174,"(27353.0, 4145.0)",9.0,0.1
175,"(25537.0, 4145.0)",-25.0,0.1
176,"(26736.0, 4145.0)",15.0,0.1
177,"(27353.0, 4145.0)",9.0,0.1
178,"(26736.0, 4145.0)",-11.0,0.1
179,"(27353.0, 4145.0)",-20.0,0.1
180,"(26736.0, 4145.0)",14.0,0.1
181,"(25537.0, 6035.0)",-33.0,0.1
182,"(25537.0, 6035.0)",18.0,0.1
183,"(25537.0, 4145.0)",27.0,0.1
184,"(25537.0, 4145.0)",-26.0,0.1
185,"(25537.0, 5728.0)",-21.0,0.1
186,"(24210.0, 5955.0)",-47.0,0.1
187,"(25537.0, 6035.0)",-12.0,0.1
188,"(27353.0, 4145.0)",-21.0,0.1
189,"(27353.0, 4145.0)",-20.0,0.1
190,"(22735.0, 5314.0)",18.0,0.1
191,"(25537.0, 6035.0)",16.0,0.1
192,"(22735.0, 5314.0)",17.0,0.1
193,"(27353.0, 4145.0)",-19.0,0.1
194,"(25537.0, 4145.0)",25.0,0.1
195,"(27353.0, 4145.0)",8.0,0.1
196,"(25537.0, 4145.0)",-26.0,0.1
197,"(26736.0, 4145.0)",-7.0,0.1
198,"(26736.0, 4145.0)",-46.0,0.1
199,"(25537.0, 5728.0)",-21.0,0.1
200,"(26736.0, 4145.0)",-40.0,0.5
201,"(25537.0, 4145.0)",20.0,0.5
202,"(24210.0, 5955.0)",14.0,0.5
203,"(25537.0, 6035.0)",-33.0,0.5
204,"(22735.0, 5314.0)",-47.0,0.5
205,"(26736.0, 4145.0)",13.0,0.5
206,"(26736.0, 4145.0)",-21.0,0.5
207,"(26736.0, 4145.0)",15.0,0.5
208,"(26736.0, 4145.0)",-26.0,0.5
209,"(25537.0, 6035.0)",16.0,0.5
210,"(27353.0, 4145.0)",8.0,0.5
211,"(25537.0, 5728.0)",12.0,0.5
212,"(24210.0, 5955.0)",-19.0,0.5
213,"(22735.0, 5314.0)",5.0,0.5
214,"(27353.0, 4145.0)",-20.0,0.5
215,"(25537.0, 5728.0)",-21.0,0.5
216,"(24210.0, 5955.0)",-35.0,0.5
217,"(27353.0, 4145.0)",-19.0,0.5
218,"(24210.0, 5955.0)",-20.0,0.5
219,"(25537.0, 5728.0)",-20.0,0.5
220,"(25537.0, 6035.0)",18.0,0.5
221,"(25537.0, 5728.0)",-22.0,0.5
222,"(25537.0, 4145.0)",25.0,0.5
223,"(27353.0, 4145.0)",7.0,0.5
224,"(26736.0, 4145.0)",-44.0,0.5
225,"(26736.0, 4145.0)",-10.0,0.5
226,"(26736.0, 4145.0)",-47.0,0.5
227,"(24210.0, 5955.0)",14.0,0.5
228,"(25537.0, 4145.0)",-27.0,0.5
229,"(22735.0, 5314.0)",-24.0,0.5
230,"(25537.0, 5728.0)",14.0,0.5
231,"(25537.0, 4145.0)",-27.0,0.5
232,"(27353.0, 4145.0)",-21.0,0.5
233,"(25537.0, 6035.0)",-6.0,0.5
234,"(25537.0, 4145.0)",-26.0,0.5
235,"(22735.0, 5314.0)",18.0,0.5
236,"(26736.0, 4145.0)",13.0,0.5
237,"(25537.0, 6035.0)",-12.0,0.5
238,"(27353.0, 4145.0)",-19.0,0.5
239,"(26736.0, 4145.0)",14.0,0.5
240,"(25537.0, 4145.0)",20.0,0.5
241,"(26736.0, 4145.0)",-2.0,0.5
242,"(25537.0, 5728.0)",-22.0,0.5
243,"(22735.0, 5314.0)",19.0,0.5
244,"(25537.0, 4145.0)",-17.0,0.5
245,"(24210.0, 5955.0)",14.0,0.5
246,"(24210.0, 5955.0)",32.0,0.5
247,"(26736.0, 4145.0)",-21.0,0.5
248,"(25537.0, 6035.0)",16.0,0.5
249,"(22735.0, 5314.0)",19.0,0.5
250,"(25537.0, 6035.0)",-48.0,0.5
251,"(25537.0, 4145.0)",-17.0,0.5
252,"(25537.0, 4145.0)",-18.0,0.5
253,"(26736.0, 4145.0)",13.0,0.5
254,"(24210.0, 5955.0)",-20.0,0.5
255,"(25537.0, 5728.0)",-22.0,0.5
256,"(27353.0, 4145.0)",-19.0,0.5
257,"(25537.0, 4145.0)",21.0,0.5
258,"(26736.0, 4145.0)",15.0,0.5
259,"(26736.0, 4145.0)",-47.0,0.5
260,"(24210.0, 5955.0)",-32.0,0.5
261,"(24210.0, 5955.0)",-10.0,0.5
262,"(25537.0, 5728.0)",-21.0,0.5
263,"(25537.0, 6035.0)",-12.0,0.5
264,"(27353.0, 4145.0)",-21.0,0.5
265,"(27353.0, 4145.0)",8.0,0.5
266,"(22735.0, 5314.0)",18.0,0.5
267,"(25537.0, 5728.0)",-22.0,0.5
268,"(24210.0, 5955.0)",33.0,0.5
269,"(26736.0, 4145.0)",-44.0,0.5
270,"(25537.0, 4145.0)",-27.0,0.5
271,"(25537.0, 6035.0)",-8.0,0.5
272,"(24210.0, 5955.0)",13.0,0.5
273,"(25537.0, 6035.0)",-32.0,0.5
274,"(24210.0, 5955.0)",15.0,0.5
275,"(25537.0, 4145.0)",-27.0,0.5
276,"(26736.0, 4145.0)",14.0,0.5
277,"(25537.0, 6035.0)",-12.0,0.5
278,"(25537.0, 4145.0)",-25.0,0.5
279,"(25537.0, 5728.0)",14.0,0.5
280,"(25537.0, 4145.0)",26.0,0.5
281,"(25537.0, 6035.0)",-12.0,0.5
282,"(25537.0, 6035.0)",-35.0,0.5
283,"(24210.0, 5955.0)",15.0,0.5
284,"(22735.0, 5314.0)",5.0,0.5
285,"(25537.0, 6035.0)",-11.0,0.5
286,"(25537.0, 4145.0)",-47.0,0.5
287,"(24210.0, 5955.0)",-14.0,0.5
288,"(25537.0, 6035.0)",-37.0,0.5
289,"(25537.0, 5728.0)",12.0,0.5
290,"(22735.0, 5314.0)",-22.0,0.5
291,"(25537.0, 5728.0)",14.0,0.5
292,"(25537.0, 4145.0)",21.0,0.5
293,"(25537.0, 6035.0)",-12.0,0.5
294,"(25537.0, 6035.0)",16.0,0.5
295,"(26736.0, 4145.0)",-44.0,0.5
296,"(24210.0, 5955.0)",32.0,0.5
297,"(25537.0, 4145.0)",-27.0,0.5
298,"(25537.0, 6035.0)",16.0,0.5
299,"(25537.0, 4145.0)",26.0,0.5
300,"(27353.0, 4145.0)",-19.0,1.0
301,"(25537.0, 6035.0)",2.0,1.0
302,"(24210.0, 5955.0)",14.0,1.0
303,"(25537.0, 5728.0)",-21.0,1.0
304,"(25537.0, 5728.0)",-20.0,1.0
305,"(26736.0, 4145.0)",13.0,1.0
306,"(25537.0, 5728.0)",13.0,1.0
307,"(22735.0, 5314.0)",-24.0,1.0
308,"(25537.0, 4145.0)",-26.0,1.0
309,"(24210.0, 5955.0)",-40.0,1.0
310,"(25537.0, 6035.0)",-25.0,1.0
311,"(27353.0, 4145.0)",7.0,1.0
312,"(26736.0, 4145.0)",13.0,1.0
313,"(25537.0, 6035.0)",-40.0,1.0
314,"(26736.0, 4145.0)",15.0,1.0
315,"(25537.0, 5728.0)",14.0,1.0
316,"(22735.0, 5314.0)",-24.0,1.0
317,"(25537.0, 6035.0)",-40.0,1.0
318,"(24210.0, 5955.0)",-11.0,1.0
319,"(25537.0, 4145.0)",29.0,1.0
320,"(26736.0, 4145.0)",-26.0,1.0
321,"(26736.0, 4145.0)",-27.0,1.0
322,"(24210.0, 5955.0)",-34.0,1.0
323,"(26736.0, 4145.0)",14.0,1.0
324,"(26736.0, 4145.0)",-49.0,1.0
325,"(25537.0, 6035.0)",17.0,1.0
326,"(22735.0, 5314.0)",18.0,1.0
327,"(22735.0, 5314.0)",19.0,1.0
328,"(25537.0, 5728.0)",-21.0,1.0
329,"(25537.0, 5728.0)",-21.0,1.0
330,"(25537.0, 4145.0)",-26.0,1.0
331,"(22735.0, 5314.0)",5.0,1.0
332,"(25537.0, 4145.0)",-27.0,1.0
333,"(25537.0, 5728.0)",14.0,1.0
334,"(24210.0, 5955.0)",-14.0,1.0
335,"(22735.0, 5314.0)",-49.0,1.0
336,"(25537.0, 4145.0)",25.0,1.0
337,"(25537.0, 6035.0)",16.0,1.0
338,"(25537.0, 5728.0)",13.0,1.0
339,"(25537.0, 5728.0)",-22.0,1.0
340,"(25537.0, 5728.0)",-20.0,1.0
341,"(25537.0, 4145.0)",-26.0,1.0
342,"(25537.0, 5728.0)",-21.0,1.0
343,"(25537.0, 5728.0)",12.0,1.0
344,"(26736.0, 4145.0)",-8.0,1.0
345,"(22735.0, 5314.0)",-24.0,1.0
346,"(26736.0, 4145.0)",-8.0,1.0
347,"(24210.0, 5955.0)",15.0,1.0
348,"(24210.0, 5955.0)",-19.0,1.0
349,"(27353.0, 4145.0)",9.0,1.0
350,"(25537.0, 4145.0)",-14.0,1.0
351,"(27353.0, 4145.0)",-19.0,1.0
352,"(24210.0, 5955.0)",-18.0,1.0
353,"(25537.0, 4145.0)",-26.0,1.0
354,"(22735.0, 5314.0)",-24.0,1.0
355,"(24210.0, 5955.0)",13.0,1.0
356,"(24210.0, 5955.0)",-20.0,1.0
357,"(22735.0, 5314.0)",17.0,1.0
358,"(25537.0, 4145.0)",26.0,1.0
359,"(27353.0, 4145.0)",-20.0,1.0
360,"(25537.0, 6035.0)",18.0,1.0
361,"(26736.0, 4145.0)",13.0,1.0
362,"(25537.0, 6035.0)",-11.0,1.0
363,"(25537.0, 6035.0)",-26.0,1.0
364,"(25537.0, 4145.0)",20.0,1.0
365,"(25537.0, 4145.0)",-21.0,1.0
366,"(25537.0, 4145.0)",-25.0,1.0
367,"(25537.0, 4145.0)",-22.0,1.0
368,"(25537.0, 4145.0)",-27.0,1.0
369,"(25537.0, 6035.0)",2.0,1.0
370,"(24210.0, 5955.0)",13.0,1.0
371,"(27353.0, 4145.0)",-21.0,1.0
372,"(22735.0, 5314.0)",-36.0,1.0
373,"(25537.0, 4145.0)",-2.0,1.0
374,"(24210.0, 5955.0)",-35.0,1.0
375,"(25537.0, 4145.0)",-26.0,1.0
376,"(25537.0, 6035.0)",1.0,1.0
377,"(24210.0, 5955.0)",13.0,1.0
378,"(26736.0, 4145.0)",-30.0,1.0
379,"(25537.0, 6035.0)",-12.0,1.0
380,"(22735.0, 5314.0)",-22.0,1.0
381,"(26736.0, 4145.0)",13.0,1.0
382,"(24210.0, 5955.0)",-34.0,1.0
383,"(22735.0, 5314.0)",17.0,1.0
384,"(25537.0, 6035.0)",-12.0,1.0
385,"(25537.0, 5728.0)",-8.0,1.0
386,"(26736.0, 4145.0)",-38.0,1.0
387,"(22735.0, 5314.0)",-39.0,1.0
388,"(27353.0, 4145.0)",7.0,1.0
389,"(27353.0, 4145.0)",9.0,1.0
390,"(27353.0, 4145.0)",-21.0,1.0
391,"(25537.0, 5728.0)",-21.0,1.0
392,"(26736.0, 4145.0)",14.0,1.0
393,"(27353.0, 4145.0)",8.0,1.0
394,"(25537.0, 5728.0)",-21.0,1.0
395,"(25537.0, 5728.0)",-22.0,1.0
396,"(25537.0, 4145.0)",29.0,1.0
397,"(26736.0, 4145.0)",-42.0,1.0
398,"(22735.0, 5314.0)",-19.0,1.0
399,"(25537.0, 5728.0)",14.0,1.0
400,"(25537.0, 5728.0)",13.0,2.0
401,"(25537.0, 6035.0)",-33.0,2.0
402,"(25537.0, 5728.0)",12.0,2.0
403,"(27353.0, 4145.0)",-20.0,2.0
404,"(25537.0, 6035.0)",16.0,2.0
405,"(26736.0, 4145.0)",-10.0,2.0
406,"(26736.0, 4145.0)",13.0,2.0
407,"(24210.0, 5955.0)",13.0,2.0
408,"(25537.0, 4145.0)",-26.0,2.0
409,"(26736.0, 4145.0)",13.0,2.0
410,"(27353.0, 4145.0)",8.0,2.0
411,"(27353.0, 4145.0)",8.0,2.0
412,"(26736.0, 4145.0)",13.0,2.0
413,"(24210.0, 5955.0)",-45.0,2.0
414,"(22735.0, 5314.0)",-45.0,2.0
415,"(25537.0, 6035.0)",-7.0,2.0
416,"(26736.0, 4145.0)",14.0,2.0
417,"(27353.0, 4145.0)",-21.0,2.0
418,"(24210.0, 5955.0)",15.0,2.0
419,"(25537.0, 5728.0)",-21.0,2.0
420,"(25537.0, 6035.0)",16.0,2.0
421,"(25537.0, 4145.0)",-14.0,2.0
422,"(25537.0, 6035.0)",-9.0,2.0
423,"(25537.0, 6035.0)",-11.0,2.0
424,"(26736.0, 4145.0)",14.0,2.0
425,"(26736.0, 4145.0)",13.0,2.0
426,"(24210.0, 5955.0)",13.0,2.0
427,"(24210.0, 5955.0)",-33.0,2.0
428,"(26736.0, 4145.0)",13.0,2.0
429,"(22735.0, 5314.0)",-23.0,2.0
430,"(26736.0, 4145.0)",-2.0,2.0
431,"(24210.0, 5955.0)",-20.0,2.0
432,"(25537.0, 4145.0)",-26.0,2.0
433,"(27353.0, 4145.0)",-21.0,2.0
434,"(24210.0, 5955.0)",-44.0,2.0
435,"(22735.0, 5314.0)",-47.0,2.0
436,"(25537.0, 5728.0)",-21.0,2.0
437,"(24210.0, 5955.0)",13.0,2.0
438,"(27353.0, 4145.0)",8.0,2.0
439,"(24210.0, 5955.0)",-18.0,2.0
440,"(26736.0, 4145.0)",13.0,2.0
441,"(22735.0, 5314.0)",18.0,2.0
442,"(25537.0, 5728.0)",14.0,2.0
443,"(25537.0, 4145.0)",21.0,2.0
444,"(25537.0, 6035.0)",-10.0,2.0
445,"(25537.0, 4145.0)",21.0,2.0
446,"(22735.0, 5314.0)",4.0,2.0
447,"(25537.0, 5728.0)",-9.0,2.0
448,"(22735.0, 5314.0)",-23.0,2.0
449,"(25537.0, 4145.0)",21.0,2.0
450,"(27353.0, 4145.0)",9.0,2.0
451,"(22735.0, 5314.0)",-47.0,2.0
452,"(25537.0, 6035.0)",-10.0,2.0
453,"(26736.0, 4145.0)",-30.0,2.0
454,"(25537.0, 4145.0)",29.0,2.0
455,"(25537.0, 5728.0)",-22.0,2.0
456,"(27353.0, 4145.0)",8.0,2.0
457,"(24210.0, 5955.0)",-33.0,2.0
458,"(25537.0, 4145.0)",29.0,2.0
459,"(25537.0, 5728.0)",14.0,2.0
460,"(22735.0, 5314.0)",4.0,2.0
461,"(26736.0, 4145.0)",-11.0,2.0
462,"(27353.0, 4145.0)",8.0,2.0
463,"(27353.0, 4145.0)",-21.0,2.0
464,"(22735.0, 5314.0)",-20.0,2.0
465,"(27353.0, 4145.0)",-20.0,2.0
466,"(25537.0, 5728.0)",-20.0,2.0
467,"(26736.0, 4145.0)",15.0,2.0
468,"(25537.0, 6035.0)",-24.0,2.0
469,"(24210.0, 5955.0)",-10.0,2.0
470,"(26736.0, 4145.0)",-44.0,2.0
471,"(27353.0, 4145.0)",-21.0,2.0
472,"(25537.0, 5728.0)",13.0,2.0
473,"(26736.0, 4145.0)",-12.0,2.0
474,"(26736.0, 4145.0)",-49.0,2.0
475,"(22735.0, 5314.0)",-38.0,2.0
476,"(25537.0, 5728.0)",13.0,2.0
477,"(24210.0, 5955.0)",13.0,2.0
478,"(25537.0, 5728.0)",-9.0,2.0
479,"(24210.0, 5955.0)",-19.0,2.0
480,"(26736.0, 4145.0)",13.0,2.0
481,"(26736.0, 4145.0)",-27.0,2.0
482,"(22735.0, 5314.0)",17.0,2.0
483,"(24210.0, 5955.0)",-34.0,2.0
484,"(25537.0, 6035.0)",-10.0,2.0
485,"(25537.0, 5728.0)",-21.0,2.0
486,"(25537.0, 4145.0)",-22.0,2.0
487,"(24210.0, 5955.0)",-20.0,2.0
488,"(25537.0, 5728.0)",14.0,2.0
489,"(25537.0, 4145.0)",-27.0,2.0
490,"(22735.0, 5314.0)",-23.0,2.0
491,"(25537.0, 6035.0)",-8.0,2.0
492,"(25537.0, 4145.0)",-14.0,2.0
493,"(26736.0, 4145.0)",-48.0,2.0
494,"(26736.0, 4145.0)",-44.0,2.0
495,"(25537.0, 5728.0)",-21.0,2.0
496,"(25537.0, 5728.0)",14.0,2.0
497,"(25537.0, 4145.0)",21.0,2.0
498,"(25537.0, 5728.0)",14.0,2.0
499,"(25537.0, 4145.0)",26.0,2.0
500,"(27353.0, 4145.0)",-21.0,3.0
501,"(25537.0, 4145.0)",-26.0,3.0
502,"(25537.0, 5728.0)",-21.0,3.0
503,"(25537.0, 5728.0)",12.0,3.0
504,"(22735.0, 5314.0)",-22.0,3.0
505,"(25537.0, 5728.0)",13.0,3.0
506,"(27353.0, 4145.0)",9.0,3.0
507,"(26736.0, 4145.0)",14.0,3.0
508,"(24210.0, 5955.0)",-18.0,3.0
509,"(25537.0, 6035.0)",-32.0,3.0
510,"(24210.0, 5955.0)",14.0,3.0
511,"(25537.0, 6035.0)",-19.0,3.0
512,"(26736.0, 4145.0)",15.0,3.0
513,"(27353.0, 4145.0)",-21.0,3.0
514,"(25537.0, 5728.0)",14.0,3.0
515,"(26736.0, 4145.0)",-38.0,3.0
516,"(24210.0, 5955.0)",-18.0,3.0
517,"(26736.0, 4145.0)",14.0,3.0
518,"(24210.0, 5955.0)",-19.0,3.0
519,"(22735.0, 5314.0)",5.0,3.0
520,"(22735.0, 5314.0)",-48.0,3.0
521,"(24210.0, 5955.0)",-19.0,3.0
522,"(22735.0, 5314.0)",5.0,3.0
523,"(25537.0, 5728.0)",13.0,3.0
524,"(26736.0, 4145.0)",-40.0,3.0
525,"(24210.0, 5955.0)",-18.0,3.0
526,"(24210.0, 5955.0)",33.0,3.0
527,"(22735.0, 5314.0)",5.0,3.0
528,"(25537.0, 5728.0)",-22.0,3.0
529,"(27353.0, 4145.0)",8.0,3.0
530,"(24210.0, 5955.0)",-18.0,3.0
531,"(22735.0, 5314.0)",-20.0,3.0
532,"(24210.0, 5955.0)",-48.0,3.0
533,"(24210.0, 5955.0)",-20.0,3.0
534,"(26736.0, 4145.0)",-40.0,3.0
535,"(25537.0, 5728.0)",13.0,3.0
536,"(25537.0, 5728.0)",14.0,3.0
537,"(24210.0, 5955.0)",-19.0,3.0
538,"(27353.0, 4145.0)",-21.0,3.0
539,"(25537.0, 5728.0)",-22.0,3.0
540,"(25537.0, 5728.0)",-21.0,3.0
541,"(25537.0, 5728.0)",13.0,3.0
542,"(24210.0, 5955.0)",-19.0,3.0
543,"(25537.0, 6035.0)",16.0,3.0
544,"(26736.0, 4145.0)",15.0,3.0
545,"(25537.0, 6035.0)",17.0,3.0
546,"(25537.0, 4145.0)",-27.0,3.0
547,"(22735.0, 5314.0)",-23.0,3.0
548,"(26736.0, 4145.0)",-21.0,3.0
549,"(22735.0, 5314.0)",4.0,3.0
550,"(25537.0, 4145.0)",29.0,3.0
551,"(25537.0, 4145.0)",25.0,3.0
552,"(25537.0, 6035.0)",-35.0,3.0
553,"(27353.0, 4145.0)",8.0,3.0
554,"(26736.0, 4145.0)",-47.0,3.0
555,"(22735.0, 5314.0)",-39.0,3.0
556,"(26736.0, 4145.0)",-12.0,3.0
557,"(26736.0, 4145.0)",-2.0,3.0
558,"(24210.0, 5955.0)",-20.0,3.0
559,"(25537.0, 5728.0)",12.0,3.0
560,"(24210.0, 5955.0)",-20.0,3.0
561,"(24210.0, 5955.0)",-34.0,3.0
562,"(27353.0, 4145.0)",-20.0,3.0
563,"(26736.0, 4145.0)",14.0,3.0
564,"(25537.0, 4145.0)",-20.0,3.0
565,"(25537.0, 5728.0)",-20.0,3.0
566,"(25537.0, 4145.0)",-26.0,3.0
567,"(27353.0, 4145.0)",-19.0,3.0
568,"(24210.0, 5955.0)",13.0,3.0
569,"(25537.0, 5728.0)",-21.0,3.0
570,"(22735.0, 5314.0)",18.0,3.0
571,"(24210.0, 5955.0)",-20.0,3.0
572,"(26736.0, 4145.0)",15.0,3.0
573,"(25537.0, 5728.0)",12.0,3.0
574,"(27353.0, 4145.0)",7.0,3.0
575,"(27353.0, 4145.0)",7.0,3.0
576,"(24210.0, 5955.0)",14.0,3.0
577,"(25537.0, 5728.0)",-22.0,3.0
578,"(24210.0, 5955.0)",-33.0,3.0
579,"(26736.0, 4145.0)",-31.0,3.0
580,"(27353.0, 4145.0)",-20.0,3.0
581,"(25537.0, 6035.0)",16.0,3.0
582,"(25537.0, 6035.0)",-39.0,3.0
583,"(27353.0, 4145.0)",7.0,3.0
584,"(22735.0, 5314.0)",-24.0,3.0
585,"(25537.0, 4145.0)",-20.0,3.0
586,"(25537.0, 6035.0)",-19.0,3.0
587,"(24210.0, 5955.0)",-20.0,3.0
588,"(25537.0, 4145.0)",-26.0,3.0
589,"(25537.0, 4145.0)",-25.0,3.0
590,"(25537.0, 6035.0)",-19.0,3.0
591,"(27353.0, 4145.0)",-19.0,3.0
592,"(24210.0, 5955.0)",-20.0,3.0
593,"(25537.0, 4145.0)",21.0,3.0
594,"(27353.0, 4145.0)",-20.0,3.0
595,"(25537.0, 5728.0)",-20.0,3.0
596,"(22735.0, 5314.0)",19.0,3.0
597,"(25537.0, 6035.0)",16.0,3.0
598,"(25537.0, 6035.0)",-10.0,3.0
599,"(25537.0, 5728.0)",-22.0,3.0
600,"(25537.0, 5728.0)",13.0,5.0
601,"(22735.0, 5314.0)",-20.0,5.0
602,"(25537.0, 4145.0)",10.0,5.0
603,"(25537.0, 5728.0)",-21.0,5.0
604,"(24210.0, 5955.0)",-20.0,5.0
605,"(26736.0, 4145.0)",-31.0,5.0
606,"(27353.0, 4145.0)",8.0,5.0
607,"(24210.0, 5955.0)",-20.0,5.0
608,"(25537.0, 4145.0)",-26.0,5.0
609,"(27353.0, 4145.0)",8.0,5.0
610,"(25537.0, 5728.0)",12.0,5.0
611,"(27353.0, 4145.0)",-21.0,5.0
612,"(27353.0, 4145.0)",-20.0,5.0
613,"(25537.0, 6035.0)",-9.0,5.0
614,"(27353.0, 4145.0)",7.0,5.0
615,"(25537.0, 6035.0)",-32.0,5.0
616,"(26736.0, 4145.0)",13.0,5.0
617,"(25537.0, 6035.0)",-6.0,5.0
618,"(27353.0, 4145.0)",8.0,5.0
619,"(25537.0, 5728.0)",13.0,5.0
620,"(26736.0, 4145.0)",13.0,5.0
621,"(27353.0, 4145.0)",-19.0,5.0
622,"(27353.0, 4145.0)",-20.0,5.0
623,"(25537.0, 6035.0)",-24.0,5.0
624,"(26736.0, 4145.0)",15.0,5.0
625,"(27353.0, 4145.0)",10.0,5.0
626,"(25537.0, 4145.0)",21.0,5.0
627,"(25537.0, 5728.0)",-20.0,5.0
628,"(22735.0, 5314.0)",18.0,5.0
629,"(25537.0, 5728.0)",13.0,5.0
630,"(24210.0, 5955.0)",-18.0,5.0
631,"(25537.0, 5728.0)",13.0,5.0
632,"(27353.0, 4145.0)",7.0,5.0
633,"(25537.0, 5728.0)",12.0,5.0
634,"(25537.0, 4145.0)",25.0,5.0
635,"(22735.0, 5314.0)",-31.0,5.0
636,"(25537.0, 5728.0)",-8.0,5.0
637,"(27353.0, 4145.0)",8.0,5.0
638,"(25537.0, 4145.0)",-20.0,5.0
639,"(24210.0, 5955.0)",14.0,5.0
640,"(27353.0, 4145.0)",9.0,5.0
641,"(24210.0, 5955.0)",13.0,5.0
642,"(25537.0, 4145.0)",-26.0,5.0
643,"(24210.0, 5955.0)",14.0,5.0
644,"(26736.0, 4145.0)",15.0,5.0
645,"(25537.0, 4145.0)",25.0,5.0
646,"(25537.0, 5728.0)",13.0,5.0
647,"(25537.0, 4145.0)",-26.0,5.0
648,"(27353.0, 4145.0)",9.0,5.0
649,"(22735.0, 5314.0)",5.0,5.0
650,"(27353.0, 4145.0)",7.0,5.0
651,"(25537.0, 6035.0)",16.0,5.0
652,"(26736.0, 4145.0)",13.0,5.0
653,"(25537.0, 4145.0)",20.0,5.0
654,"(24210.0, 5955.0)",13.0,5.0
655,"(25537.0, 5728.0)",-21.0,5.0
656,"(26736.0, 4145.0)",-31.0,5.0
657,"(26736.0, 4145.0)",-26.0,5.0
658,"(27353.0, 4145.0)",-21.0,5.0
659,"(27353.0, 4145.0)",8.0,5.0
660,"(25537.0, 5728.0)",14.0,5.0
661,"(25537.0, 5728.0)",12.0,5.0
662,"(22735.0, 5314.0)",4.0,5.0
663,"(25537.0, 4145.0)",20.0,5.0
664,"(25537.0, 4145.0)",-27.0,5.0
665,"(25537.0, 4145.0)",-27.0,5.0
666,"(25537.0, 4145.0)",0.0,5.0
667,"(25537.0, 5728.0)",-42.0,5.0
668,"(24210.0, 5955.0)",14.0,5.0
669,"(22735.0, 5314.0)",19.0,5.0
670,"(25537.0, 5728.0)",-21.0,5.0
671,"(25537.0, 5728.0)",-20.0,5.0
672,"(22735.0, 5314.0)",-39.0,5.0
673,"(25537.0, 5728.0)",-21.0,5.0
674,"(25537.0, 4145.0)",21.0,5.0
675,"(26736.0, 4145.0)",13.0,5.0
676,"(27353.0, 4145.0)",7.0,5.0
677,"(22735.0, 5314.0)",17.0,5.0
678,"(27353.0, 4145.0)",-21.0,5.0
679,"(25537.0, 6035.0)",-12.0,5.0
680,"(22735.0, 5314.0)",-49.0,5.0
681,"(26736.0, 4145.0)",13.0,5.0
682,"(25537.0, 6035.0)",-49.0,5.0
683,"(27353.0, 4145.0)",-19.0,5.0
684,"(22735.0, 5314.0)",17.0,5.0
685,"(24210.0, 5955.0)",-43.0,5.0
686,"(25537.0, 6035.0)",-11.0,5.0
687,"(27353.0, 4145.0)",9.0,5.0
688,"(25537.0, 5728.0)",-22.0,5.0
689,"(25537.0, 4145.0)",-27.0,5.0
690,"(22735.0, 5314.0)",19.0,5.0
691,"(24210.0, 5955.0)",15.0,5.0
692,"(25537.0, 5728.0)",12.0,5.0
693,"(25537.0, 4145.0)",21.0,5.0
694,"(25537.0, 5728.0)",12.0,5.0
695,"(26736.0, 4145.0)",15.0,5.0
696,"(26736.0, 4145.0)",-30.0,5.0
697,"(22735.0, 5314.0)",5.0,5.0
698,"(25537.0, 6035.0)",-11.0,5.0
699,"(24210.0, 5955.0)",13.0,5.0
700,"(22735.0, 5314.0)",19.0,10.0
701,"(24210.0, 5955.0)",-20.0,10.0
702,"(25537.0, 4145.0)",25.0,10.0
703,"(25537.0, 4145.0)",-26.0,10.0
704,"(25537.0, 6035.0)",-7.0,10.0
705,"(25537.0, 6035.0)",-19.0,10.0
706,"(25537.0, 5728.0)",-22.0,10.0
707,"(22735.0, 5314.0)",5.0,10.0
708,"(22735.0, 5314.0)",-37.0,10.0
709,"(25537.0, 5728.0)",12.0,10.0
710,"(27353.0, 4145.0)",-19.0,10.0
711,"(25537.0, 5728.0)",12.0,10.0
712,"(25537.0, 5728.0)",13.0,10.0
713,"(22735.0, 5314.0)",-31.0,10.0
714,"(25537.0, 5728.0)",13.0,10.0
715,"(22735.0, 5314.0)",-23.0,10.0
716,"(26736.0, 4145.0)",15.0,10.0
717,"(25537.0, 4145.0)",-25.0,10.0
718,"(26736.0, 4145.0)",14.0,10.0
719,"(25537.0, 4145.0)",-25.0,10.0
720,"(24210.0, 5955.0)",-19.0,10.0
721,"(25537.0, 6035.0)",18.0,10.0
722,"(24210.0, 5955.0)",-20.0,10.0
723,"(25537.0, 4145.0)",-27.0,10.0
724,"(26736.0, 4145.0)",-10.0,10.0
725,"(26736.0, 4145.0)",14.0,10.0
726,"(27353.0, 4145.0)",8.0,10.0
727,"(27353.0, 4145.0)",7.0,10.0
728,"(25537.0, 5728.0)",13.0,10.0
729,"(25537.0, 4145.0)",20.0,10.0
730,"(25537.0, 5728.0)",12.0,10.0
731,"(26736.0, 4145.0)",-49.0,10.0
732,"(25537.0, 6035.0)",-8.0,10.0
733,"(22735.0, 5314.0)",5.0,10.0
734,"(25537.0, 5728.0)",12.0,10.0
735,"(25537.0, 6035.0)",-6.0,10.0
736,"(25537.0, 4145.0)",-27.0,10.0
737,"(22735.0, 5314.0)",5.0,10.0
738,"(25537.0, 6035.0)",-35.0,10.0
739,"(22735.0, 5314.0)",-22.0,10.0
740,"(25537.0, 5728.0)",-22.0,10.0
741,"(25537.0, 4145.0)",26.0,10.0
742,"(22735.0, 5314.0)",4.0,10.0
743,"(26736.0, 4145.0)",13.0,10.0
744,"(25537.0, 4145.0)",21.0,10.0
745,"(27353.0, 4145.0)",-21.0,10.0
746,"(24210.0, 5955.0)",-32.0,10.0
747,"(25537.0, 6035.0)",17.0,10.0
748,"(26736.0, 4145.0)",13.0,10.0
749,"(25537.0, 6035.0)",-37.0,10.0
750,"(25537.0, 4145.0)",-27.0,10.0
751,"(27353.0, 4145.0)",7.0,10.0
752,"(22735.0, 5314.0)",-22.0,10.0
753,"(26736.0, 4145.0)",-41.0,10.0
754,"(22735.0, 5314.0)",-22.0,10.0
755,"(26736.0, 4145.0)",13.0,10.0
756,"(24210.0, 5955.0)",14.0,10.0
757,"(24210.0, 5955.0)",-48.0,10.0
758,"(26736.0, 4145.0)",15.0,10.0
759,"(26736.0, 4145.0)",-42.0,10.0
760,"(27353.0, 4145.0)",-19.0,10.0
761,"(25537.0, 5728.0)",-20.0,10.0
762,"(26736.0, 4145.0)",-49.0,10.0
763,"(26736.0, 4145.0)",-25.0,10.0
764,"(25537.0, 6035.0)",16.0,10.0
765,"(26736.0, 4145.0)",-41.0,10.0
766,"(25537.0, 4145.0)",29.0,10.0
767,"(27353.0, 4145.0)",-21.0,10.0
768,"(25537.0, 4145.0)",21.0,10.0
769,"(25537.0, 5728.0)",14.0,10.0
770,"(25537.0, 5728.0)",-21.0,10.0
771,"(26736.0, 4145.0)",-43.0,10.0
772,"(25537.0, 6035.0)",-10.0,10.0
773,"(25537.0, 6035.0)",16.0,10.0
774,"(25537.0, 6035.0)",-10.0,10.0
775,"(26736.0, 4145.0)",-22.0,10.0
776,"(24210.0, 5955.0)",-41.0,10.0
777,"(25537.0, 6035.0)",-49.0,10.0
778,"(25537.0, 4145.0)",0.0,10.0
779,"(25537.0, 4145.0)",-2.0,10.0
780,"(22735.0, 5314.0)",4.0,10.0
781,"(25537.0, 4145.0)",27.0,10.0
782,"(27353.0, 4145.0)",-20.0,10.0
783,"(25537.0, 6035.0)",-11.0,10.0
784,"(27353.0, 4145.0)",-21.0,10.0
785,"(25537.0, 6035.0)",-12.0,10.0
786,"(25537.0, 6035.0)",16.0,10.0
787,"(25537.0, 6035.0)",-40.0,10.0
788,"(26736.0, 4145.0)",14.0,10.0
789,"(27353.0, 4145.0)",9.0,10.0
790,"(25537.0, 6035.0)",1.0,10.0
791,"(24210.0, 5955.0)",-20.0,10.0
792,"(25537.0, 4145.0)",-15.0,10.0
793,"(25537.0, 4145.0)",26.0,10.0
794,"(25537.0, 5728.0)",-22.0,10.0
795,"(27353.0, 4145.0)",-21.0,10.0
796,"(22735.0, 5314.0)",-21.0,10.0
797,"(26736.0, 4145.0)",13.0,10.0
798,"(22735.0, 5314.0)",5.0,10.0
799,"(22735.0, 5314.0)",5.0,10.0
